10

********************XGBOOST********************

             precision    recall  f1-score   support

        1.0     0.9860    0.9658    0.9758       292
        2.0     0.8969    0.9831    0.9380       177
        3.0     0.7143    0.5000    0.5882        10
        4.0     0.4167    0.2632    0.3226        19
        5.0     0.0000    0.0000    0.0000         2

avg / total     0.9235    0.9320    0.9259       500

accuracy_score 0.932
precision:  0.965753424658
recall:  0.986013986014
f1:  0.975778546713
20

********************XGBOOST********************

             precision    recall  f1-score   support

        1.0     0.9860    0.9658    0.9758       292
        2.0     0.8923    0.9831    0.9355       177
        3.0     0.7143    0.5000    0.5882        10
        4.0     0.3636    0.2105    0.2667        19
        5.0     0.0000    0.0000    0.0000         2

avg / total     0.9198    0.9300    0.9229       500

accuracy_score 0.93
precision:  0.965753424658
recall:  0.986013986014
f1:  0.975778546713
30

********************XGBOOST********************

             precision    recall  f1-score   support

        1.0     0.9860    0.9658    0.9758       292
        2.0     0.8929    0.9887    0.9383       177
        3.0     0.7143    0.5000    0.5882        10
        4.0     0.4000    0.2105    0.2759        19
        5.0     0.0000    0.0000    0.0000         2

avg / total     0.9214    0.9320    0.9243       500

accuracy_score 0.932
precision:  0.965753424658
recall:  0.986013986014
f1:  0.975778546713
40

********************XGBOOST********************

             precision    recall  f1-score   support

        1.0     0.9860    0.9658    0.9758       292
        2.0     0.8929    0.9887    0.9383       177
        3.0     0.7143    0.5000    0.5882        10
        4.0     0.4000    0.2105    0.2759        19
        5.0     0.0000    0.0000    0.0000         2

avg / total     0.9214    0.9320    0.9243       500

accuracy_score 0.932
precision:  0.965753424658
recall:  0.986013986014
f1:  0.975778546713
50

********************XGBOOST********************

             precision    recall  f1-score   support

        1.0     0.9860    0.9658    0.9758       292
        2.0     0.8883    0.9887    0.9358       177
        3.0     0.8333    0.5000    0.6250        10
        4.0     0.4000    0.2105    0.2759        19
        5.0     0.0000    0.0000    0.0000         2

avg / total     0.9222    0.9320    0.9241       500

accuracy_score 0.932
precision:  0.965753424658
recall:  0.986013986014
f1:  0.975778546713
60

********************XGBOOST********************

             precision    recall  f1-score   support

        1.0     0.9861    0.9692    0.9775       292
        2.0     0.8878    0.9831    0.9330       177
        3.0     0.8333    0.5000    0.6250        10
        4.0     0.4000    0.2105    0.2759        19
        5.0     0.0000    0.0000    0.0000         2

avg / total     0.9220    0.9320    0.9241       500

accuracy_score 0.932
precision:  0.969178082192
recall:  0.98606271777
f1:  0.977547495682
70

********************XGBOOST********************

             precision    recall  f1-score   support

        1.0     0.9861    0.9692    0.9775       292
        2.0     0.8923    0.9831    0.9355       177
        3.0     0.8571    0.6000    0.7059        10
        4.0     0.4000    0.2105    0.2759        19
        5.0     0.0000    0.0000    0.0000         2

avg / total     0.9241    0.9340    0.9266       500

accuracy_score 0.934
precision:  0.969178082192
recall:  0.98606271777
f1:  0.977547495682
80

********************XGBOOST********************

             precision    recall  f1-score   support

        1.0     0.9861    0.9692    0.9775       292
        2.0     0.8929    0.9887    0.9383       177
        3.0     0.8571    0.6000    0.7059        10
        4.0     0.4444    0.2105    0.2857        19
        5.0     0.0000    0.0000    0.0000         2

avg / total     0.9260    0.9360    0.9280       500

accuracy_score 0.936
precision:  0.969178082192
recall:  0.98606271777
f1:  0.977547495682
90

********************XGBOOST********************

             precision    recall  f1-score   support

        1.0     0.9861    0.9726    0.9793       292
        2.0     0.8883    0.9887    0.9358       177
        3.0     0.8571    0.6000    0.7059        10
        4.0     0.5714    0.2105    0.3077        19
        5.0     0.0000    0.0000    0.0000         2

avg / total     0.9292    0.9380    0.9290       500

accuracy_score 0.938
precision:  0.972602739726
recall:  0.986111111111
f1:  0.979310344828
100

********************XGBOOST********************

             precision    recall  f1-score   support

        1.0     0.9861    0.9726    0.9793       292
        2.0     0.8883    0.9887    0.9358       177
        3.0     0.8571    0.6000    0.7059        10
        4.0     0.5714    0.2105    0.3077        19
        5.0     0.0000    0.0000    0.0000         2

avg / total     0.9292    0.9380    0.9290       500

accuracy_score 0.938
precision:  0.972602739726
recall:  0.986111111111
f1:  0.979310344828
